Datetime,Global_active_power,Global_reactive_power,Global_intensity,Voltage
2010-01-03,16.268362731481513,1.6211270833333309,4.05087962962959,242.67341435185136
2010-01-10,15.342876785714266,2.124450396825388,3.909126984126955,240.5888492063494
2010-01-17,22.7112811158799,2.4957197094750647,5.659854737537198,243.9067233410371
2010-01-24,25.58577993848599,2.2013783113404064,6.407361841452541,242.399567417403
2010-01-31,25.80047033730152,1.8866961309523793,6.427857142857176,242.94115277777823
2010-02-07,16.855997619047532,2.117503373015856,4.251478174603256,241.84077976190522
2010-02-14,17.545552841764053,1.8820973492302517,4.395022572056974,242.3939240652862
2010-02-21,23.790043353174482,1.5944003968253944,5.944027777777824,242.46532837301672
2010-02-28,18.727966567460257,1.7120663690476154,4.692837301587402,241.36438492063593
2010-03-07,19.267759920634983,2.207373611111113,4.864642857142937,241.33742857142832
2010-03-14,17.429269675925966,2.2970386574074064,4.4140740740741435,242.0383333333339
2010-03-21,19.90709983856949,2.035650440829507,4.98971811747177,241.6065478703599
2010-03-28,20.523907142857087,2.341115178571432,5.17410714285727,241.2578670634925
2010-04-04,19.422392063491994,2.2363746031746077,4.886011904761891,242.19142956349145
2010-04-11,18.34309404761913,2.409242857142847,4.6867658730158155,240.41781646825396
2010-04-18,18.59784953703696,1.90229722222223,4.674027777777884,241.3235266203708
2010-04-25,17.89804206349204,2.33193501984126,4.522638888889034,241.21482043650877
2010-05-02,16.10869712301583,1.959995436507909,4.039662698412771,242.34090277777887
2010-05-09,14.94374960317468,2.1801692460317312,3.84642857142849,241.36142857142886
2010-05-16,21.049028359763856,2.1303345294594194,5.299942122930887,241.96607130454905
2010-05-23,17.373908730158785,2.018712103174585,4.3893452380952,241.27649603174697
2010-05-30,17.137666765872975,2.3385062499999765,4.385714285714275,240.21008432539747
2010-06-06,19.009981448412773,2.17365942460317,4.813472222222231,241.45759821428592
2010-06-13,14.94748090277769,2.134116666666664,3.839490740740762,240.70568055555512
2010-06-20,15.970817361111031,2.042640575396816,4.0794246031746075,240.89049801587313
2010-06-27,14.782312797619154,2.851042757936486,3.856587301587202,240.631410714286
2010-07-04,17.507320567516558,2.3781398948308508,4.433812878261839,242.05099216192002
2010-07-11,14.804853869047509,2.033515873015867,3.7962896825396952,240.4466180555567
2010-07-18,13.240713508508032,2.462738627155902,3.4360689894662855,240.83262183123125
2010-07-25,11.762288095237983,2.9692260912698676,3.0496428571428367,240.98119940476198
2010-08-01,10.170895337301653,2.0289137896825475,2.6172817460318227,240.77046726190542
2010-08-08,18.89074126984136,2.221846428571429,4.766130952380823,241.68266567460307
2010-08-15,13.08710497685207,2.0259907407407294,3.3596990740738946,240.59215393518517
2010-08-22,12.85488086895585,2.032356341976178,3.3244569025928534,241.12402242466723
2010-08-29,13.836402579365044,2.405746428571411,3.577400793650802,241.5738521825391
2010-09-05,20.135103968254008,2.024102976190473,5.06132936507933,242.44265674603147
2010-09-12,15.48189953703711,2.401125578703695,3.9891666666667063,240.27304166666627
2010-09-19,14.050890873015934,2.1225782738095313,3.595337301587258,241.12719940476177
2010-09-26,16.111855836471122,2.111296933835399,4.112264658418468,240.8729209252288
2010-10-03,21.548598316858147,1.8202302965535695,5.362436548223347,242.58433075073526
2010-10-10,14.714891567460372,2.45970873015874,3.764682539682458,241.16477876984143
2010-10-17,18.902892245370403,2.1161942129629634,4.780347222222456,240.96259490740775
2010-10-24,23.275625657307316,2.407015973806918,5.854251413830835,242.50178986010553
2010-10-31,15.982728869047559,2.104476388888876,3.991686507936534,244.8807807539687
2010-11-07,17.65711370175616,2.118675364619496,4.4602837583093295,242.62375930151623
2010-11-14,18.254361111111137,2.31151018518519,4.668587962963008,239.91351041666675
2010-11-21,18.451775793650896,1.661290674603156,4.675178571428569,240.72159027777957
2010-11-28,19.779270254876884,1.5406964260287654,5.014210451374055,240.53210593763356
2010-12-05,20.78211408387198,1.8308669773034703,5.17105065384043,242.81360438899722
2010-12-12,16.670501446926714,2.4104914920708413,4.289917814561936,240.34761546475295
