Datetime,Global_active_power,Global_reactive_power,Global_intensity,Voltage
2010-01-31,21.677334195041524,2.08637732968954,5.430332126941695,242.33852180121656
2010-02-28,19.292317883690394,1.8244568533141585,4.836623884358729,242.00210087707939
2010-03-31,19.50025526437256,2.272797512933235,4.920399290797102,241.4752835596153
2010-04-30,17.272229861111303,2.159278735632166,4.363496168581802,241.44252658045974
2010-05-31,17.932618023565134,2.1203563739901474,4.551503507025723,241.29615106831224
2010-06-30,16.25510452836534,2.425415048253077,4.170281855408683,240.88898465001512
2010-07-31,12.982457904118094,2.301544757980449,3.3372022500528393,240.96516701775835
2010-08-31,15.490871907488776,2.1802597709457268,3.9544226385724186,241.42294351476048
2010-09-30,16.625685348958413,2.1283391561481917,4.22383703419767,241.26751718095352
2010-10-31,18.795824089078117,2.242450414371098,4.732904301124741,242.5154514097879
2010-11-30,18.44083088604747,1.9231672715091188,4.679593545865522,241.02473926637245
2010-12-31,18.459316439968763,2.158317682448336,4.673267067747693,241.42047868166455
