Datetime,Global_active_power,Global_reactive_power,Global_intensity,Voltage
2010-01-01,14.169591666666689,1.9136138888888872,3.5370833333332903,242.56572222222184
2010-01-02,19.60392083333333,1.4442562500000014,4.857777777777792,243.6317430555554
2010-01-03,15.03157569444444,1.5055111111111081,3.7577777777777763,241.82277777777747
2010-01-04,19.53056250000001,1.6720347222222245,4.879027777777774,241.75415972222223
2010-01-05,15.279606944444431,2.228297916666672,3.929861111111109,240.6471666666664
2010-01-06,14.687109027777751,1.58530069444445,3.7181944444444412,240.54027777777807
2010-01-07,15.613445833333309,3.3385902777777803,4.051944444444437,239.31421527777752
2010-01-08,6.431339583333334,2.1352979166666715,1.720555555555538,239.8013055555556
2010-01-09,18.44116458333331,2.085431944444445,4.691666666666662,241.26284027777822
2010-01-10,17.41690902777779,1.8261993055555545,4.3726388888888845,240.8019791666666
2010-01-11,16.00903402777778,2.165359722222221,3.9376388888889,246.37959722222197
2010-01-14,34.59106375838926,3.929651006711411,8.68255033557047,243.58436241610738
2010-01-15,25.42545624999998,2.5264944444444435,6.335000000000027,243.72576388888905
2010-01-16,24.885558333333382,2.806936805555557,6.219722222222231,243.04523611111134
2010-01-17,22.066620833333314,2.1873437499999984,5.521527777777763,242.54300694444473
2010-01-18,21.771963194444425,2.219586805555556,5.421527777777795,243.63636805555518
2010-01-19,28.165602777777817,1.8721618055555598,7.0045833333333345,243.02311111111112
2010-01-20,27.219089583333325,2.3131930555555527,6.810694444444453,242.76043749999985
2010-01-21,24.74368819444445,2.146067361111117,6.161944444444441,242.9512500000001
2010-01-22,20.724831944444443,1.815496527777781,5.183194444444437,241.85017361111147
2010-01-23,30.212062543432992,3.0154857539958364,7.665323141070164,240.82836692147296
2010-01-24,26.266434027777738,2.028222222222224,6.60513888888889,241.74617361111103
2010-01-25,22.343877083333354,1.7092034722222227,5.550000000000021,242.8986111111115
2010-01-26,23.930143055555526,1.5153875000000014,5.903472222222239,243.33947916666668
2010-01-27,31.954884722222218,1.7217902777777776,7.990138888888892,241.986104166667
2010-01-28,24.424002777777797,1.8347222222222235,6.063333333333338,243.2490347222225
2010-01-29,24.22442361111115,1.7091923611111108,5.978611111111108,243.6328055555556
2010-01-30,32.90193680555552,2.7314236111111105,8.307222222222217,242.07939583333348
2010-01-31,20.824024305555554,1.9851534722222333,5.202222222222213,243.4026388888885
2010-02-01,15.182955555555552,2.3110687500000004,3.8196527777777685,244.6722361111109
2010-02-02,24.970277777777792,1.5181583333333344,6.148333333333316,243.3328194444444
2010-02-03,8.876232638888872,1.5786520833333308,2.2255555555555695,241.7520555555558
2010-02-04,19.08128333333332,1.7697625000000048,4.73347222222221,242.7735208333331
2010-02-05,25.323043055555576,2.708109722222218,6.422499999999986,240.38824999999972
2010-02-06,11.353001388888902,1.495817361111117,2.915833333333329,240.3364583333338
2010-02-07,13.205189583333322,3.4409548611111096,3.494999999999994,239.63011805555587
2010-02-08,6.35973055555556,2.120884027777779,1.700833333333319,240.89735416666647
2010-02-09,16.11679097222225,1.9711930555555535,4.08875000000001,240.94371527777767
2010-02-10,22.259890972222227,1.922302083333335,5.584305555555549,240.70345833333315
2010-02-11,13.785670138888888,2.1588090277777794,3.4218055555555646,245.78691666666677
2010-02-13,27.217088888888902,1.675840277777773,6.744027777777804,242.88909027777765
2010-02-14,19.5355274496178,1.4432508686587884,4.830715774843634,243.14353022932627
2010-02-15,24.272365972222193,1.5193312500000031,6.042361111111105,243.4467777777775
2010-02-16,20.80735277777779,1.3843298611111103,5.148333333333328,243.75376388888878
2010-02-17,23.779638194444416,1.383790277777778,5.941250000000004,242.34681944444466
2010-02-18,20.38374097222221,1.620367361111116,5.038194444444451,243.58819444444512
2010-02-19,22.610787499999983,1.5642437500000006,5.654166666666674,241.7074027777776
2010-02-20,22.959821527777812,1.7505652777777811,5.745555555555559,241.7889652777777
2010-02-21,31.716596527777796,1.9381750000000018,8.038333333333345,240.62537500000008
2010-02-22,17.060588888888898,1.8590868055555578,4.314999999999964,240.57949305555525
2010-02-23,16.912961805555547,1.945111111111113,4.254583333333341,241.9846805555555
2010-02-24,22.15599513888887,1.7375868055555606,5.523055555555571,241.46579861111167
2010-02-25,21.761620833333314,1.5148083333333355,5.405833333333328,240.98316666666685
2010-02-26,24.53884791666672,1.6123902777777785,6.139305555555551,240.42563194444492
2010-02-27,20.42888333333336,1.7637631944444412,5.150833333333337,241.54445833333364
2010-02-28,8.236868055555535,1.5517180555555565,2.061250000000024,242.5674652777777
2010-03-01,24.114051388888964,2.2176979166666726,6.04416666666669,243.74452777777802
2010-03-02,33.599695138888904,2.126064583333335,8.370000000000015,242.38807638888875
2010-03-03,10.831432638888858,1.399706944444447,2.7330555555555383,241.21143750000002
2010-03-04,20.894427083333326,2.391776388888883,5.170972222222215,243.249930555555
2010-03-05,16.334515972222253,1.773071527777786,4.158888888888875,237.1872430555553
2010-03-06,16.136387500000055,1.8985604166666645,4.154166666666667,240.2445069444443
2010-03-07,12.963809722222216,3.6447375,3.42125000000001,241.33627777777807
2010-03-08,7.120525694444432,2.0499569444444457,1.8530555555555464,241.50170138888933
2010-03-09,15.58350555555554,1.9513416666666663,3.9734722222222167,240.5336736111109
2010-03-10,21.188476388888898,2.347402777777785,5.398472222222247,241.9328402777778
2010-03-11,14.968721527777785,2.040090972222223,3.7595833333333366,244.27853472222245
2010-03-13,27.581131250000055,3.0713194444444487,6.905000000000005,241.99693749999966
2010-03-14,18.133257638888878,2.322120138888889,4.5948611111111175,241.98631249999994
2010-03-15,20.73900763888887,1.901747222222222,5.178333333333326,242.29574999999988
2010-03-16,17.854756250000015,1.941384027777779,4.460972222222228,241.54007638888908
2010-03-17,23.253822222222162,2.1498701388888937,5.827777777777794,241.6413333333337
2010-03-18,18.086596527777765,1.9237805555555545,4.5473611111111145,241.502263888889
2010-03-19,19.252131944444457,2.1930312500000024,4.805972222222231,241.424465277778
2010-03-20,9.46352586206896,1.6686982758620685,2.3689655172413713,242.46926724137927
2010-03-21,24.61842834138487,2.331439613526568,6.2660225442834125,240.42360708534645
2010-03-22,18.73368611111112,1.9856159722222164,4.687083333333303,241.3587916666663
2010-03-23,21.089843055555527,2.1601048611111113,5.370416666666681,241.16629861111122
2010-03-24,23.087406944444457,2.425438888888893,5.801944444444419,240.72467361111063
2010-03-25,19.44310486111112,2.1615541666666713,4.84319444444442,242.2651527777777
2010-03-26,19.11209097222225,2.3828840277777816,4.7987500000000045,241.50402777777782
2010-03-27,21.388554166666662,2.258004861111108,5.393472222222245,240.41256944444442
2010-03-28,20.812663888888874,3.014203472222219,5.3238888888889,241.37355555555584
2010-03-29,18.781693055555543,2.3967868055555557,4.726388888888905,241.52158333333355
2010-03-30,22.065444444444452,3.249043055555548,5.636527777777766,241.08461805555538
2010-03-31,22.26622430555559,2.333071527777779,5.6629166666666615,240.19417361111078
2010-04-01,18.566336111111127,1.810236111111111,4.599444444444426,245.69911805555574
2010-04-02,26.808679166666632,1.641762499999998,6.6438888888888705,242.10079166666696
2010-04-03,7.9036937500000075,1.4578013888888872,2.0072222222222256,242.99229166666692
2010-04-04,19.56467361111109,2.765920833333337,4.9256944444444315,241.74743055555538
2010-04-05,17.5574125,1.7851951388888896,4.50249999999999,236.0370277777781
2010-04-06,16.441590277777756,2.144031944444447,4.203333333333354,240.27963888888885
2010-04-07,17.801939583333425,3.2424340277777794,4.561805555555575,240.33446527777804
2010-04-08,6.288867361111138,2.076774305555549,1.672222222222205,241.3979513888892
2010-04-09,20.18332916666666,2.523422222222225,5.1734722222222125,241.10194444444411
2010-04-10,20.555075694444454,2.171114583333333,5.197916666666669,240.62145833333344
2010-04-11,29.57344374999999,2.9217277777777793,7.496111111111119,243.1522291666666
2010-04-13,17.508144444444444,1.9807812500000028,4.392222222222222,241.73512500000038
2010-04-14,19.217177083333322,2.074054166666662,4.84694444444444,241.3756111111116
2010-04-15,21.668728472222224,1.9367604166666683,5.42541666666667,240.85218749999927
2010-04-16,18.079421527777793,1.9719888888888948,4.550694444444427,241.99183333333318
2010-04-17,18.02907013888889,1.7345374999999936,4.548055555555529,241.3051736111108
2010-04-18,17.084555555555536,1.7156611111111049,4.28083333333333,240.6812291666668
2010-04-19,19.775408333333342,1.9259715277777811,4.962916666666668,241.25981944444408
2010-04-20,21.22254236111111,2.0359145833333345,5.331249999999986,240.77724999999967
2010-04-21,18.286044444444464,1.8333923611111163,4.556111111111107,241.93004166666623
2010-04-22,16.90861180555559,2.1603138888888873,4.265972222222216,240.74602083333298
2010-04-23,13.663602777777776,2.050493750000003,3.4352777777777512,241.61291666666656
2010-04-24,17.574274999999993,3.5513631944444444,4.5854166666666645,241.5161180555555
2010-04-25,17.85580972222225,2.7660958333333383,4.5215277777777665,240.66157638888893
2010-04-26,12.531445138888879,1.9261513888888913,3.1691666666666762,241.23138194444485
2010-04-27,14.478471527777767,1.878235416666667,3.6158333333333053,242.07596527777807
2010-04-28,10.044645138888884,2.1143861111111124,2.5511111111111147,242.51982638888904
2010-04-29,12.77459305555555,2.0105756944444444,3.1961111111110876,242.27917361111096
2010-04-30,12.947078472222206,2.411985416666666,3.322916666666645,241.817673611111
2010-05-01,25.691900000000018,1.723802083333335,6.34708333333334,244.52103472222254
2010-05-02,24.292746527777776,1.65483194444445,6.075416666666653,241.94126388888884
2010-05-03,13.12182847222224,1.5673159722222239,3.2662500000000207,243.48631250000022
2010-05-04,12.94929375000002,1.9145979166666693,3.26875,243.655145833333
2010-05-05,20.894783333333343,1.49538263888889,5.3651388888888825,236.10560416666652
2010-05-06,23.25976180555557,3.402650694444446,6.0951388888888935,241.10038194444468
2010-05-07,12.893404861111094,2.7065520833333303,3.3313888888888945,241.18256250000005
2010-05-08,6.174477777777776,2.010207638888883,1.6345833333333157,241.85938888888873
2010-05-09,15.312697222222239,2.164477777777776,3.9637499999999983,242.14060416666632
2010-05-10,21.465555555555543,2.4611590277777804,5.4220833333333385,239.91899999999956
2010-05-11,20.09361736111109,2.0890930555555576,5.0533333333333275,243.77503472222244
2010-05-13,17.981195969423194,1.782312022237667,4.477970813064627,242.959485753996
2010-05-14,19.932249305555583,1.850515972222219,4.981944444444443,242.06722916666695
2010-05-15,22.508936805555532,2.6961256944444454,5.709305555555563,242.102715277778
2010-05-16,24.310484722222206,1.9025597222222193,6.1544444444444455,240.97365277777746
2010-05-17,18.844705555555556,1.705748611111112,4.723194444444443,241.36027083333312
2010-05-18,16.448871527777747,1.7320847222222224,4.118333333333349,241.52087500000025
2010-05-19,16.513330555555523,1.7506256944444454,4.17624999999999,241.601041666667
2010-05-20,13.355304861111076,1.6104277777777771,3.3552777777777747,242.4507847222218
2010-05-21,14.981449305555538,1.9409145833333343,3.7977777777777693,241.7590486111111
2010-05-22,24.25661180555556,2.4617854166666646,6.156527777777761,239.55310416666686
2010-05-23,17.217087499999984,2.9293979166666637,4.3980555555555645,240.69034722222213
2010-05-24,15.52466944444445,2.6393548611111104,3.971111111111098,241.03509722222228
2010-05-25,13.873002777777772,2.3595527777777763,3.5909722222222116,240.26304861111095
2010-05-26,16.063479861111112,2.7964319444444445,4.184999999999994,239.54319444444425
2010-05-27,15.316465277777787,2.2666173611111105,3.911249999999996,239.92095138888882
2010-05-28,16.182457638888934,1.8804458333333338,4.099027777777778,240.0395763888887
2010-05-29,23.724648611111125,2.3797715277777765,6.040555555555556,240.20170833333327
2010-05-30,19.278943750000003,2.0473694444444503,4.902083333333325,240.46701388888906
2010-05-31,15.514612499999998,1.6883437500000043,3.9730555555555616,240.69020833333335
2010-06-01,20.569220138888877,1.7601895833333328,5.1120833333333415,245.23481249999963
2010-06-02,31.40032222222221,3.433031250000001,7.9331944444444416,241.09206944444483
2010-06-03,9.198056944444438,1.615252083333336,2.3066666666666777,243.0312569444443
2010-06-04,21.1325465277778,1.9747090277777823,5.258888888888897,242.7441111111112
2010-06-05,15.037619444444466,1.3738895833333358,3.8222222222222135,235.98911111111133
2010-06-06,20.217492361111116,3.3702006944444474,5.288194444444439,241.4216180555553
2010-06-07,11.642746527777785,2.225617361111116,3.005694444444457,240.5297013888887
2010-06-08,6.073463888888901,1.9049027777777825,1.6036111111110942,240.95323611111132
2010-06-09,16.468455555555558,1.865800694444443,4.206944444444458,241.84175000000025
2010-06-10,15.225195138888857,1.626956249999999,3.815555555555541,241.27624999999986
2010-06-11,20.895915277777767,2.244893055555553,5.345138888888902,238.4302222222226
2010-06-13,19.379109027777822,2.9365298611111132,5.060000000000013,241.2029236111108
2010-06-14,14.09704513888887,2.0676062499999994,3.613750000000007,241.61683333333366
2010-06-15,14.166277777777772,2.072863194444443,3.622916666666679,240.90329861111104
2010-06-16,20.464037499999982,2.118970138888889,5.18375,240.75138194444452
2010-06-17,11.898359722222182,1.947554166666669,3.0509722222222075,240.42709027777795
2010-06-18,15.420343749999965,1.9839993055555531,3.9459722222222107,240.52340972222223
2010-06-19,16.39143680555556,2.439904861111113,4.21416666666666,241.7036388888888
2010-06-20,19.35822083333335,1.6675861111111105,4.924444444444446,240.30783333333324
2010-06-21,19.223252083333335,1.9639194444444488,4.94763888888889,240.9539930555556
2010-06-22,17.599396527777788,2.424006250000003,4.5816666666666706,240.68492361111126
2010-06-23,16.690561111111077,3.4315013888888846,4.383194444444444,239.99858333333358
2010-06-24,12.682646527777791,2.6710701388888913,3.2745833333333225,240.80948611111126
2010-06-25,12.72497777777778,2.5316270833333325,3.3211111111110965,240.53054861111093
2010-06-26,11.361327083333359,3.4084388888888966,3.002638888888893,241.49486111111167
2010-06-27,13.194028472222225,3.5267361111111186,3.4852777777777755,239.9474791666666
2010-06-28,17.02940694444446,3.25102152777778,4.372499999999983,240.42901388888902
2010-06-29,15.836186935371776,3.737738707435715,4.161640027797085,240.33977762334968
2010-06-30,16.02009236111113,2.761431944444447,4.093749999999995,240.610958333333
2010-07-01,20.47964166666668,1.3312923611111094,5.069722222222229,244.90856250000004
2010-07-02,18.816058333333327,1.8803881944444507,4.7268055555555675,242.68447222222207
2010-07-03,15.88509791666671,1.5503201388888834,3.966666666666682,243.55174305555528
2010-07-04,18.483599305555536,2.1357305555555595,4.645416666666647,241.83122916666645
2010-07-05,19.02784930555555,1.680157638888893,4.815694444444426,237.49589583333355
2010-07-06,11.713922222222228,2.1309062499999984,3.0329166666666594,242.33104861111104
2010-07-07,9.661918749999995,2.4251840277777816,2.5466666666666637,240.6574513888886
2010-07-08,6.105031944444464,1.9447402777777767,1.6180555555555378,241.32504861111136
2010-07-09,16.803857638888903,1.943992361111109,4.307083333333322,241.27515972222184
2010-07-10,20.948536805555534,2.08444027777778,5.287638888888902,241.60523611111074
2010-07-11,19.37286041666669,2.0251902777777753,4.965972222222222,238.43648611111115
2010-07-13,15.996675694444447,3.3301340277777713,4.240416666666661,240.4947916666667
2010-07-14,16.313336805555558,2.875929166666672,4.2605555555555545,240.34191666666655
2010-07-15,18.915473245309222,2.2275184155663634,4.787491313412085,240.36994440583726
2010-07-16,9.491383333333323,2.276933333333326,2.4870833333333353,241.15434722222224
2010-07-17,9.332762500000008,2.098954166666669,2.4241666666666446,241.18420833333326
2010-07-18,9.398590277777792,1.9667993055555522,2.4176388888888765,241.4502013888888
2010-07-19,9.272645138888917,2.2279951388888923,2.394999999999989,241.8495555555553
2010-07-20,9.905370138888895,2.528480555555553,2.5684722222222125,241.6489861111111
2010-07-21,12.316715972222243,2.826906249999998,3.2048611111110974,241.72080555555564
2010-07-22,13.477382638888953,3.6028062500000133,3.501111111111112,241.18978472222216
2010-07-23,13.612949305555544,3.301854861111112,3.5233333333333072,239.88291666666663
2010-07-24,10.667490277777757,3.3084819444444564,2.786111111111103,240.29686805555596
2010-07-25,13.083463194444418,2.988057638888883,3.3686111111111057,240.2794791666666
2010-07-26,10.233227777777756,2.0585694444444416,2.6583333333333137,240.93763194444458
2010-07-27,11.022688194444422,2.0223291666666743,2.826944444444419,239.63009722222208
2010-07-28,9.98442847222215,2.1165006944444493,2.5834722222221793,240.3062569444443
2010-07-29,6.3553652777777945,2.0516972222222263,1.6897222222222041,240.3845347222221
2010-07-30,6.3803444444444395,2.000630555555562,1.6951388888888639,240.0490833333335
2010-07-31,6.419190277777774,2.103370833333334,1.7159722222222,239.6808541666666
2010-08-01,20.801022916666664,1.8492986111111103,5.151388888888894,244.4048125000002
2010-08-02,29.88704236111112,1.6174729166666688,7.407500000000012,241.9967777777783
2010-08-03,29.596037499999955,2.9205812500000006,7.42444444444445,243.77458333333354
2010-08-04,19.08819097222222,1.9113638888888829,4.759027777777761,241.99483333333316
2010-08-05,17.747936805555515,2.0048868055555547,4.485277777777763,241.89702083333316
2010-08-06,15.7642597222222,2.295536111111114,4.033750000000003,241.07685416666695
2010-08-07,14.03532013888891,2.857570833333332,3.6294444444444487,240.3041250000004
2010-08-08,6.116401388888903,1.9455131944444448,1.6234722222222078,240.7344652777776
2010-08-09,15.090397916666682,1.9812756944444418,3.872083333333345,240.9840069444444
2010-08-10,17.482129166666656,2.3219499999999917,4.433472222222222,240.98219444444416
2010-08-11,21.128948611111113,1.6858347222222252,5.373194444444439,237.7430624999997
2010-08-13,6.183961805555575,1.9159333333333324,1.6345833333333206,240.991159722222
2010-08-14,6.415140277777789,1.8577680555555511,1.6834722222222123,241.16587499999946
2010-08-15,12.222052083333319,2.3931826388888875,3.161388888888892,241.68662500000002
2010-08-16,13.075586805555549,2.141393055555553,3.4174999999999947,241.07695833333358
2010-08-17,12.918666402535653,1.8272076069730574,3.2927099841521312,240.9921711568941
2010-08-22,10.234394736842106,2.7026513157894727,2.706578947368424,242.66460526315797
2010-08-23,8.861784027777789,2.39346041666667,2.3279166666666553,242.0454236111109
2010-08-24,8.367477777777781,2.030771527777779,2.2548611111111168,241.6081597222225
2010-08-25,11.347322222222225,1.8649562500000005,2.9448611111111,241.1163055555557
2010-08-26,8.764507638888878,2.061272916666672,2.300555555555543,241.8138125000001
2010-08-27,23.502884027777778,3.5222097222222315,5.994027777777777,240.8594583333332
2010-08-28,16.699740972222227,2.748880555555559,4.281805555555569,242.5658611111104
2010-08-29,19.311101388888936,2.21867361111111,4.937777777777778,241.00794444444458
2010-08-30,17.300949305555573,2.090935416666669,4.382500000000007,241.37439583333355
2010-08-31,15.79983263888889,1.949782638888889,4.103472222222223,241.19238888888884
2010-09-01,27.047459027777748,2.3078770833333357,6.733472222222199,243.86973611111145
2010-09-02,28.020045833333295,1.6170416666666723,6.920138888888903,243.15036805555496
2010-09-03,20.37166180555552,1.9453486111111178,5.080694444444467,243.5275000000004
2010-09-04,14.274865972222193,1.8805979166666629,3.5705555555555364,242.58288194444472
2010-09-05,18.130913194444478,2.3771375000000003,4.638472222222219,241.40132638888886
2010-09-06,17.762524305555573,2.112660416666669,4.544722222222234,241.1867361111112
2010-09-07,12.540246527777779,3.635100694444436,3.323194444444431,240.79250694444457
2010-09-08,6.192893750000019,1.9848701388888912,1.6384722222222112,241.069263888889
2010-09-09,14.336965277777752,1.943911805555556,3.701666666666657,240.6032152777778
2010-09-10,18.654853472222268,2.940045833333336,4.740972222222208,240.19843749999973
2010-09-11,23.403913888888862,1.7901645833333384,5.9859722222222365,237.78809027777825
2010-09-13,12.457415277777768,2.1967270833333266,3.241111111111105,241.15527083333336
2010-09-14,16.558756250000005,2.280130555555554,4.237361111111106,240.94131944444456
2010-09-15,11.413122222222205,2.5411777777777855,2.9531944444444487,241.2967777777777
2010-09-16,15.506226388888896,1.9832159722222245,3.9340277777777795,240.4117708333329
2010-09-17,17.333415277777785,2.275941666666664,4.427777777777781,240.81487500000048
2010-09-18,14.44380069444447,1.8747486111111105,3.662361111111111,241.55907638888903
2010-09-19,10.64350000000001,1.7061062499999944,2.7115277777777775,241.7113055555555
2010-09-20,19.477236111111104,2.2594159722222265,4.9859722222222285,241.49373611111102
2010-09-21,12.863140972222213,2.0800201388888864,3.31152777777778,240.91864583333307
2010-09-22,17.48141319444446,2.1797395833333333,4.468055555555565,240.65502777777795
2010-09-23,16.780836805555523,1.9090034722222213,4.22777777777777,240.7244999999999
2010-09-24,15.370292361111122,2.1441784722222224,3.923611111111101,240.58872222222203
2010-09-25,7.4862542372881435,2.0144449152542445,1.9423728813559342,240.77512711864424
2010-09-28,27.31857491289199,1.5005644599303134,6.852264808362363,240.24564459930315
2010-09-29,19.495662500000044,1.6135347222222214,4.879166666666666,241.22340972222207
2010-09-30,14.447671527777793,1.7735673611111094,3.604166666666669,242.30779166666665
2010-10-01,29.0331555555555,2.629282638888893,7.226388888888853,243.84061805555544
2010-10-02,22.521917303683118,1.6402682418346115,5.608756080611531,242.45006254343278
2010-10-03,21.09527222222224,1.5080847222222238,5.196944444444439,243.56579166666677
2010-10-04,13.775563194444455,2.077782638888892,3.4862500000000045,241.28286111111103
2010-10-05,16.98949236111113,1.6701256944444471,4.260138888888889,240.9984097222222
2010-10-06,14.064720833333329,2.0049333333333337,3.5915277777777685,241.69444444444431
2010-10-07,13.362314583333356,3.2555777777777792,3.5102777777777967,240.06252083333376
2010-10-08,6.305040277777768,2.1042548611111114,1.6648611111110907,241.95466666666664
2010-10-09,15.371638888888882,2.3154055555555537,3.921527777777783,241.81820138888887
2010-10-10,23.135470833333326,3.7898812500000036,5.918194444444434,240.34234722222197
2010-10-11,22.529320833333284,1.7762951388888861,5.716666666666634,239.08477083333366
2010-10-13,24.00329652777776,1.9982104166666652,6.01583333333332,240.7993194444443
2010-10-14,24.712061805555525,2.4993611111111087,6.261111111111106,240.90321527777778
2010-10-15,18.475975000000005,2.332647222222221,4.688333333333329,240.79494444444464
2010-10-16,11.574225000000006,1.943731944444449,2.9361111111111224,241.91749305555567
2010-10-17,12.122474305555562,2.1469194444444426,3.0640277777777865,242.27582638888876
2010-10-18,31.41070000000004,3.0229729166666655,7.90333333333334,241.81618055555546
2010-10-19,22.291427777777756,2.5413340277777805,5.653055555555565,241.9127847222223
2010-10-20,19.999592361111134,1.8815326388888924,5.033611111111103,242.24812500000047
2010-10-21,15.685156250000018,2.099936111111111,3.94680555555557,243.47242361111074
2010-10-22,19.315874999999973,1.7190187499999963,4.78319444444444,242.79820138888854
2010-10-23,26.542096527777794,2.46657638888889,6.689722222222209,242.2435347222223
2010-10-24,27.687595552467,3.1182348853370416,6.970813064628197,243.02164002779733
2010-10-25,13.464047222222186,1.8440687499999946,3.392222222222231,242.40615277777772
2010-10-26,10.947974999999996,2.005383333333334,2.7504166666666734,244.89095833333332
2010-10-27,14.586557638888912,1.780452083333329,3.622916666666649,246.1087083333333
2010-10-28,16.93663958333338,2.16712708333333,4.200138888888885,246.25389583333344
2010-10-29,13.94005694444447,2.265279861111116,3.5119444444444423,245.74310416666663
2010-10-30,24.91550694444447,2.260654166666665,6.22902777777779,243.26736805555603
2010-10-31,17.08831874999999,2.40836944444444,4.235138888888884,245.49527777777746
2010-11-01,17.57735208333333,1.8079430555555538,4.335138888888862,246.0691111111108
2010-11-02,15.853794444444473,1.4369354166666628,3.907361111111117,244.51238194444446
2010-11-03,22.582056944444425,1.7637416666666639,5.639444444444447,242.6814444444441
2010-11-04,18.56393467685892,2.0269666435024365,4.735927727588602,241.49227241139656
2010-11-05,18.187120138888858,1.7627381944444462,4.543750000000025,242.3830763888899
2010-11-06,17.021670833333342,2.529763888888888,4.412499999999991,241.45329166666673
2010-11-07,13.814496527777756,3.502575000000003,3.648055555555572,239.77395138888892
2010-11-08,6.2731694444444415,2.0377923611111175,1.6716666666666489,240.54286805555566
2010-11-09,16.93646458333331,2.727202777777779,4.311944444444454,241.6707500000001
2010-11-10,18.779971527777793,3.1079930555555544,4.82041666666667,239.92619444444486
2010-11-11,20.52768819444446,1.7614291666666642,5.255555555555544,238.72870833333306
2010-11-13,23.416381249999993,1.8770840277777796,5.919583333333331,239.33274305555497
2010-11-14,23.592491666666646,2.357559722222226,6.032361111111086,239.27979861111118
2010-11-15,20.22433263888888,1.4666236111111124,5.125694444444437,239.5492430555555
2010-11-16,17.473954861111086,1.5462729166666744,4.403611111111127,241.19761111111094
2010-11-17,18.310554861111118,1.6425513888888916,4.631249999999985,241.4522430555556
2010-11-18,19.12212777777773,2.38653055555555,4.8769444444444305,241.01674999999943
2010-11-19,18.17592986111112,1.4227666666666698,4.578472222222221,240.0467569444442
2010-11-20,25.428320833333327,1.7797256944444466,6.472361111111126,240.6083333333332
2010-11-21,10.427209722222212,1.3845638888888907,2.6379166666666625,241.1801944444441
2010-11-22,23.628893749999992,1.647614583333334,6.014166666666668,240.1971180555556
2010-11-23,18.258509722222264,1.590867361111115,4.6744444444444495,240.57552777777784
2010-11-24,20.789908333333376,1.5330895833333358,5.249583333333319,240.0309652777778
2010-11-25,16.564402083333338,1.3440805555555562,4.169444444444448,241.53625694444457
2010-11-26,19.637171021377675,1.5944354711005528,4.956294536817085,240.29102929532868
2010-12-01,23.936884658454655,2.469661814109748,5.976259798432263,244.251220604703
2010-12-02,21.909690972222208,1.5310430555555563,5.408055555555558,243.62629166666673
2010-12-03,19.04425833333333,1.7211833333333326,4.722222222222218,243.01353472222237
2010-12-04,16.660022916666634,1.8255777777777795,4.164305555555552,242.00644444444447
2010-12-05,23.558088194444426,1.8495222222222243,5.890277777777767,241.7166249999998
2010-12-06,22.85275608061154,3.1465364836692196,5.847671994440589,240.35382904794977
2010-12-07,12.842301388888902,3.309175694444443,3.397222222222219,240.21864583333368
2010-12-08,6.130764583333342,1.9571520833333336,1.6237499999999847,240.79493055555565
2010-12-09,18.658474305555508,2.3305513888888942,4.755694444444456,241.61972222222207
2010-12-10,18.283479166666673,1.9706902777777806,4.681388888888908,240.26067361111095
2010-12-11,21.25952638888888,1.749354166666665,5.434861111111107,238.8378958333331
